110	203
210	13113
220	1701
231	74
235	460
236	2099
237	1847
251	686
310	32997
330	37273
331	5300
343	330
345	10
347	5
349	3
351	621
352	125
353	2
354	34804
420	11012
421	239
433	61
434	376
435	5
437	111
438	22
439	43
440	33643
441	316
442	3412
443	9
444	13
445	3
446	9
450	103
451	25
470	2
471	9
480	982
485	1
510	35
520	559
622	7
623	277
624	56884
625	330
626	45047
627	2335
647	286
648	517
649	5596
651	53
652	2
660	118
661	312
745	23396
753	281
755	141
756	20
760	9
761	1244
762	501
763	914
805	269
806	103
812	4070
813	2622
814	1
815	726
820	530
821	311
822	8
830	2
850	1349
860	4992
870	20
880	8
882	1
884	1
886	896
888	3090
890	4
900	6518
901	6573
902	325
903	126
910	892
920	373
921	4
922	277
924	21
928	1045
930	17943
932	514
933	329
940	267
942	9
943	290
944	4
946	3776
948	6
949	66
952	1
954	68
