110	1258
210	29060
220	4398
231	750
235	527
236	684
237	1860
251	656
310	44686
330	44022
331	8642
343	957
345	34
347	45
349	7
351	35
352	105
353	9
354	33509
420	13212
421	273
433	137
434	119
435	21
436	10
437	1617
438	67
439	157
440	43012
441	588
442	15886
443	55
444	35
445	1
446	5
450	48
453	1
470	4
471	17
472	2
480	2798
485	5
487	1
510	66
520	1073
622	113
623	1938
624	45994
625	376
626	10371
627	2371
647	420
648	1142
649	6996
651	65
652	10
660	364
661	214
745	26538
753	1466
755	385
756	77
760	2
761	2873
762	129
763	146
805	10
806	23
812	959
813	520
814	1
815	57
820	207
821	309
850	312
860	413
870	27
880	17
882	5
884	17
886	913
888	4969
890	59
900	5230
901	1932
902	117
903	69
910	285
920	54
922	369
924	5
928	766
930	14071
932	63
933	192
940	503
942	15
943	580
944	21
946	8071
948	3
949	179
952	2
954	44